3.651975 339.542325 0.001457
3.653360 339.413541 0.001467
3.654746 339.284855 0.001477
3.656132 339.156266 0.001487
3.657517 339.027775 0.001497
3.658903 338.899380 0.001507
3.660289 338.771083 0.001517
3.661674 338.642884 0.001527
3.663060 338.514781 0.001538
3.664446 338.386775 0.001548
3.665831 338.258866 0.001559
3.667217 338.131053 0.001570
3.668603 338.003337 0.001581
3.669989 337.875718 0.001592
3.671374 337.748194 0.001603
3.672760 337.620767 0.001614
3.674146 337.493436 0.001625
3.675531 337.366202 0.001637
3.676917 337.239063 0.001649
3.678303 337.112019 0.001660
3.679688 336.985072 0.001672
3.681074 336.858220 0.001684
3.682460 336.731464 0.001696
3.683845 336.604803 0.001709
3.685231 336.478237 0.001721
3.686617 336.351766 0.001734
3.688002 336.225390 0.001746
3.689388 336.099110 0.001759
3.690774 335.972924 0.001772
3.692159 335.846833 0.001785
3.693545 335.720836 0.001798
3.694931 335.594934 0.001812
3.696316 335.469126 0.001825
3.697702 335.343413 0.001839
3.699088 335.217794 0.001853
3.700473 335.092268 0.001867
3.701859 334.966837 0.001881
3.703245 334.841500 0.001896
3.704630 334.716257 0.001910
3.706016 334.591107 0.001925
3.707402 334.466050 0.001940
3.708787 334.341087 0.001955
3.710173 334.216218 0.001970
3.711559 334.091442 0.001985
3.712944 333.966758 0.002001
3.714330 333.842168 0.002017
3.715716 333.717671 0.002033
3.717101 333.593267 0.002049
3.718487 333.468955 0.002065
3.719873 333.344736 0.002082
3.721258 333.220609 0.002098
3.722644 333.096575 0.002115
3.724030 332.972634 0.002133
3.725415 332.848784 0.002150
3.726801 332.725026 0.002168
3.728187 332.601361 0.002185
3.729572 332.477787 0.002203
3.730958 332.354305 0.002222
3.732344 332.230915 0.002240
3.733729 332.107617 0.002259
3.735115 331.984409 0.002278
3.736501 331.861294 0.002297
3.737887 331.738269 0.002317
3.739272 331.615336 0.002336
3.740658 331.492494 0.002356
3.742044 331.369743 0.002376
3.743429 331.247082 0.002397
3.744815 331.124513 0.002418
3.746201 331.002034 0.002439
3.747586 330.879646 0.002460
3.748972 330.757348 0.002482
3.750358 330.635140 0.002504
3.751743 330.513023 0.002526
3.753129 330.390996 0.002548
3.754515 330.269059 0.002571
3.755900 330.147212 0.002594
3.757286 330.025455 0.002618
3.758672 329.903788 0.002641
3.760057 329.782210 0.002665
3.761443 329.660722 0.002690
3.762829 329.539324 0.002714
3.764214 329.418014 0.002739
3.765600 329.296794 0.002765
3.766986 329.175664 0.002791
3.768371 329.054622 0.002817
3.769757 328.933669 0.002843
3.771143 328.812805 0.002870
3.772528 328.692030 0.002898
3.773914 328.571344 0.002925
3.775300 328.450746 0.002953
3.776685 328.330237 0.002982
3.778071 328.209816 0.003011
3.779457 328.089484 0.003040
3.780842 327.969239 0.003070
3.782228 327.849083 0.003100
3.783614 327.729015 0.003131
3.784999 327.609035 0.003162
3.786385 327.489142 0.003194
3.787771 327.369337 0.003226
3.789156 327.249620 0.003258
3.790542 327.129991 0.003292
3.791928 327.010448 0.003325
3.793313 326.890994 0.003359
3.794699 326.771626 0.003394
3.796085 326.652346 0.003429
3.797470 326.533152 0.003465
3.798856 326.414046 0.003501
3.800242 326.295026 0.003538
3.801627 326.176093 0.003576
3.803013 326.057247 0.003614
3.804399 325.938487 0.003653
3.805785 325.819814 0.003692
3.807170 325.701228 0.003732
3.808556 325.582727 0.003773
3.809942 325.464313 0.003814
3.811327 325.345985 0.003856
3.812713 325.227743 0.003899
3.814099 325.109586 0.003942
3.815484 324.991516 0.003986
3.816870 324.873531 0.004031
3.818256 324.755632 0.004077
3.819641 324.637819 0.004124
3.821027 324.520091 0.004171
3.822413 324.402448 0.004219
3.823798 324.284891 0.004268
3.825184 324.167419 0.004318
3.826570 324.050031 0.004369
3.827955 323.932729 0.004420
3.829341 323.815512 0.004473
3.830727 323.698379 0.004526
3.832112 323.581332 0.004581
3.833498 323.464368 0.004636
3.834884 323.347490 0.004693
3.836269 323.230696 0.004750
3.837655 323.113986 0.004809
3.839041 322.997360 0.004869
3.840426 322.880819 0.004930
3.841812 322.764361 0.004992
3.843198 322.647988 0.005055
3.844583 322.531698 0.005119
3.845969 322.415493 0.005185
3.847355 322.299371 0.005252
3.848740 322.183332 0.005320
3.850126 322.067377 0.005390
3.851512 321.951506 0.005461
3.852897 321.835718 0.005533
3.854283 321.720013 0.005607
3.855669 321.604391 0.005683
3.857054 321.488853 0.005760
3.858440 321.373397 0.005838
3.859826 321.258024 0.005918
3.861211 321.142734 0.006000
3.862597 321.027527 0.006084
3.863983 320.912403 0.006169
3.865368 320.797361 0.006256
3.866754 320.682401 0.006345
3.868140 320.567524 0.006436
3.869525 320.452729 0.006529
3.870911 320.338016 0.006624
3.872297 320.223386 0.006721
3.873683 320.108837 0.006820
3.875068 319.994370 0.006922
3.876454 319.879985 0.007025
3.877840 319.765682 0.007131
3.879225 319.651461 0.007240
3.880611 319.537321 0.007351
3.881997 319.423262 0.007464
3.883382 319.309285 0.007581
3.884768 319.195390 0.007700
3.886154 319.081575 0.007822
3.887539 318.967842 0.007946
3.888925 318.854190 0.008074
3.890311 318.740618 0.008205
3.891696 318.627128 0.008339
3.893082 318.513718 0.008476
3.894468 318.400389 0.008617
3.895853 318.287141 0.008762
3.897239 318.173973 0.008910
3.898625 318.060886 0.009062
3.900010 317.947879 0.009218
3.901396 317.834952 0.009377
3.902782 317.722105 0.009542
3.904167 317.609339 0.009710
3.905553 317.496652 0.009883
3.906939 317.384046 0.010061
3.908324 317.271519 0.010243
3.909710 317.159072 0.010430
3.911096 317.046705 0.010623
3.912481 316.934418 0.010821
3.913867 316.822210 0.011025
3.915253 316.710081 0.011234
3.916638 316.598031 0.011450
3.918024 316.486061 0.011672
3.919410 316.374170 0.011900
3.920795 316.262359 0.012135
3.922181 316.150626 0.012377
3.923567 316.038972 0.012626
3.924952 315.927397 0.012883
3.926338 315.815901 0.013148
3.927724 315.704483 0.013421
3.929109 315.593144 0.013703
3.930495 315.481883 0.013993
3.931881 315.370701 0.014293
3.933266 315.259597 0.014603
3.934652 315.148572 0.014923
3.936038 315.037625 0.015253
3.937423 314.926755 0.015594
3.938809 314.815964 0.015947
3.940195 314.705251 0.016313
3.941580 314.594615 0.016690
3.942966 314.484057 0.017081
3.944352 314.373577 0.017486
3.945738 314.263175 0.017905
3.947123 314.152850 0.018339
3.948509 314.042603 0.018790
3.949895 313.932432 0.019257
3.951280 313.822339 0.019741
3.952666 313.712324 0.020244
3.954052 313.602385 0.020766
3.955437 313.492524 0.021308
3.956823 313.382739 0.021872
3.958209 313.273031 0.022458
3.959594 313.163400 0.023068
3.960980 313.053846 0.023703
3.962366 312.944368 0.024364
3.963751 312.834967 0.025053
3.965137 312.725643 0.025771
3.966523 312.616394 0.026520
3.967908 312.507223 0.027302
3.969294 312.398127 0.028119
3.970680 312.289107 0.028972
3.972065 312.180164 0.029864
3.973451 312.071296 0.030797
3.974837 311.962505 0.031774
3.976222 311.853789 0.032797
3.977608 311.745149 0.033870
3.978994 311.636584 0.034995
3.980379 311.528096 0.036176
3.981765 311.419682 0.037416
3.983151 311.311345 0.038721
3.984536 311.203082 0.040093
3.985922 311.094895 0.041537
3.987308 310.986783 0.043060
3.988693 310.878746 0.044665
3.990079 310.770784 0.046359
3.991465 310.662897 0.048149
3.992850 310.555085 0.050041
3.994236 310.447348 0.052044
3.995622 310.339685 0.054165
3.997007 310.232097 0.056414
3.998393 310.124584 0.058801
3.999779 310.017145 0.061337
4.001164 309.909781 0.064033
4.002550 309.802491 0.066904
4.003936 309.695275 0.069964
4.005321 309.588134 0.073228
4.006707 309.481066 0.076715
4.008093 309.374073 0.080443
4.009478 309.267153 0.084433
4.010864 309.160308 0.088710
4.012250 309.053536 0.093300
4.013636 308.946838 0.098230
4.015021 308.840213 0.103532
4.016407 308.733662 0.109242
4.017793 308.627185 0.115397
4.019178 308.520781 0.122039
4.020564 308.414450 0.129216
4.021950 308.308193 0.136977
4.023335 308.202009 0.145379
4.024721 308.095898 0.154482
4.026107 307.989860 0.164351
4.027492 307.883895 0.175056
4.028878 307.778003 0.186672
4.030264 307.672183 0.199277
4.031649 307.566437 0.212950
4.033035 307.460763 0.227773
4.034421 307.355161 0.243819
4.035806 307.249633 0.261159
4.037192 307.144176 0.279843
4.038578 307.038792 0.299902
4.039963 306.933480 0.321330
4.041349 306.828241 0.344072
4.042735 306.723074 0.368008
4.044120 306.617978 0.392933
4.045506 306.512955 0.418540
4.046892 306.408004 0.444400
4.048277 306.303124 0.469955
4.049663 306.198316 0.494517
4.051049 306.093580 0.517287
4.052434 305.988916 0.537395
4.053820 305.884323 0.553963
4.055206 305.779802 0.566188
4.056591 305.675352 0.573427
4.057977 305.570973 0.575279
4.059363 305.466666 0.571640
4.060748 305.362429 0.562716
4.062134 305.258264 0.548992
4.063520 305.154170 0.531174
4.064905 305.050147 0.510100
4.066291 304.946195 0.486652
4.067677 304.842313 0.461685
4.069062 304.738503 0.435962
4.070448 304.634763 0.410132
4.071834 304.531094 0.384709
4.073219 304.427495 0.360081
4.074605 304.323966 0.336520
4.075991 304.220509 0.314201
4.077376 304.117121 0.293219
4.078762 304.013804 0.273613
4.080148 303.910556 0.255376
4.081534 303.807379 0.238468
4.082919 303.704272 0.222832
4.084305 303.601235 0.208396
4.085691 303.498268 0.195083
4.087076 303.395370 0.182812
4.088462 303.292543 0.171505
4.089848 303.189785 0.161084
4.091233 303.087096 0.151475
4.092619 302.984478 0.142611
4.094005 302.881928 0.134427
4.095390 302.779448 0.126865
4.096776 302.677038 0.119871
4.098162 302.574696 0.113395
4.099547 302.472424 0.107392
4.100933 302.370221 0.101822
4.102319 302.268087 0.096647
4.103704 302.166022 0.091834
4.105090 302.064026 0.087352
4.106476 301.962098 0.083174
4.107861 301.860240 0.079274
4.109247 301.758450 0.075629
4.110633 301.656729 0.072220
4.112018 301.555076 0.069026
4.113404 301.453492 0.066033
4.114790 301.351976 0.063222
4.116175 301.250529 0.060582
4.117561 301.149149 0.058098
4.118947 301.047839 0.055760
4.120332 300.946596 0.053556
4.121718 300.845421 0.051477
4.123104 300.744314 0.049514
4.124489 300.643276 0.047658
4.125875 300.542305 0.045903
4.127261 300.441401 0.044241
4.128646 300.340566 0.042666
4.130032 300.239798 0.041172
4.131418 300.139098 0.039754
4.132803 300.038466 0.038407
4.134189 299.937900 0.037126
4.135575 299.837403 0.035908
4.136960 299.736972 0.034748
4.138346 299.636609 0.033643
4.139732 299.536313 0.032589
4.141117 299.436084 0.031584
4.142503 299.335922 0.030624
4.143889 299.235828 0.029707
4.145274 299.135800 0.028830
4.146660 299.035839 0.027992
4.148046 298.935944 0.027190
4.149432 298.836117 0.026421
4.150817 298.736356 0.025685
4.152203 298.636662 0.024979
4.153589 298.537034 0.024302
4.154974 298.437472 0.023652
4.156360 298.337978 0.023029
4.157746 298.238549 0.022429
4.159131 298.139186 0.021853
4.160517 298.039890 0.021299
4.161903 297.940660 0.020766
4.163288 297.841496 0.020253
4.164674 297.742398 0.019759
4.166060 297.643366 0.019283
4.167445 297.544400 0.018825
4.168831 297.445499 0.018382
4.170217 297.346664 0.017956
4.171602 297.247895 0.017544
4.172988 297.149192 0.017147
4.174374 297.050554 0.016763
4.175759 296.951981 0.016393
4.177145 296.853474 0.016034
4.178531 296.755033 0.015688
4.179916 296.656656 0.015353
4.181302 296.558345 0.015029
4.182688 296.460099 0.014716
4.184073 296.361917 0.014413
4.185459 296.263801 0.014119
4.186845 296.165750 0.013834
4.188230 296.067764 0.013558
4.189616 295.969843 0.013291
4.191002 295.871986 0.013032
4.192387 295.774194 0.012781
4.193773 295.676466 0.012537
4.195159 295.578804 0.012300
4.196544 295.481205 0.012071
4.197930 295.383671 0.011848
4.199316 295.286202 0.011631
4.200701 295.188797 0.011421
4.202087 295.091456 0.011217
4.203473 294.994179 0.011019
4.204858 294.896966 0.010826
4.206244 294.799818 0.010638
4.207630 294.702733 0.010456
4.209015 294.605712 0.010278
4.210401 294.508755 0.010106
4.211787 294.411862 0.009938
4.213172 294.315033 0.009774
4.214558 294.218267 0.009615
4.215944 294.121565 0.009460
4.217330 294.024927 0.009309
4.218715 293.928352 0.009162
4.220101 293.831840 0.009019
4.221487 293.735392 0.008880
4.222872 293.639007 0.008744
4.224258 293.542685 0.008611
4.225644 293.446427 0.008482
4.227029 293.350231 0.008356
4.228415 293.254099 0.008233
4.229801 293.158029 0.008113
4.231186 293.062023 0.007996
4.232572 292.966079 0.007882
4.233958 292.870199 0.007771
4.235343 292.774380 0.007662
4.236729 292.678625 0.007556
4.238115 292.582932 0.007453
4.239500 292.487302 0.007352
4.240886 292.391734 0.007253
4.242272 292.296229 0.007157
4.243657 292.200786 0.007063
4.245043 292.105405 0.006971
4.246429 292.010087 0.006881
4.247814 291.914831 0.006793
4.249200 291.819637 0.006708
4.250586 291.724505 0.006624
4.251971 291.629435 0.006542
4.253357 291.534427 0.006462
4.254743 291.439481 0.006384
4.256128 291.344596 0.006307
4.257514 291.249774 0.006233
4.258900 291.155013 0.006160
4.260285 291.060314 0.006088
4.261671 290.965676 0.006018
4.263057 290.871100 0.005950
4.264442 290.776585 0.005883
4.265828 290.682132 0.005818
4.267214 290.587740 0.005754
4.268599 290.493409 0.005692
4.269985 290.399140 0.005630
4.271371 290.304932 0.005571
4.272756 290.210784 0.005512
4.274142 290.116698 0.005455
4.275528 290.022673 0.005399
4.276913 289.928709 0.005344
4.278299 289.834806 0.005291
4.279685 289.740963 0.005238
4.281070 289.647181 0.005187
4.282456 289.553460 0.005137
4.283842 289.459800 0.005088
4.285228 289.366200 0.005040
4.286613 289.272661 0.004993
4.287999 289.179182 0.004947
4.289385 289.085763 0.004902
4.290770 288.992405 0.004858
4.292156 288.899107 0.004816
4.293542 288.805870 0.004774
4.294927 288.712692 0.004733
4.296313 288.619575 0.004692
4.297699 288.526517 0.004653
4.299084 288.433520 0.004615
4.300470 288.340582 0.004577
4.301856 288.247705 0.004541
4.303241 288.154887 0.004505
4.304627 288.062129 0.004470
4.306013 287.969431 0.004436
4.307398 287.876792 0.004402
4.308784 287.784213 0.004370
4.310170 287.691694 0.004338
4.311555 287.599233 0.004307
4.312941 287.506833 0.004277
4.314327 287.414492 0.004247
4.315712 287.322209 0.004218
4.317098 287.229987 0.004190
4.318484 287.137823 0.004162
4.319869 287.045719 0.004136
4.321255 286.953673 0.004110
4.322641 286.861687 0.004084
4.324026 286.769759 0.004060
4.325412 286.677891 0.004036
4.326798 286.586081 0.004012
4.328183 286.494330 0.003989
4.329569 286.402638 0.003967
4.330955 286.311005 0.003946
4.332340 286.219430 0.003925
4.333726 286.127913 0.003905
4.335112 286.036456 0.003885
4.336497 285.945056 0.003866
4.337883 285.853715 0.003848
4.339269 285.762433 0.003830
4.340654 285.671208 0.003813
4.342040 285.580042 0.003796
4.343426 285.488934 0.003781
4.344811 285.397884 0.003765
4.346197 285.306893 0.003750
4.347583 285.215959 0.003736
4.348968 285.125083 0.003723
4.350354 285.034265 0.003710
4.351740 284.943505 0.003697
4.353126 284.852803 0.003685
4.354511 284.762158 0.003674
4.355897 284.671571 0.003663
4.357283 284.581042 0.003653
4.358668 284.490570 0.003644
4.360054 284.400156 0.003635
4.361440 284.309799 0.003626
4.362825 284.219499 0.003618
4.364211 284.129257 0.003611
4.365597 284.039073 0.003605
4.366982 283.948945 0.003598
4.368368 283.858875 0.003593
4.369754 283.768861 0.003588
4.371139 283.678905 0.003584
4.372525 283.589006 0.003580
4.373911 283.499164 0.003577
4.375296 283.409379 0.003575
4.376682 283.319650 0.003573
4.378068 283.229979 0.003572
4.379453 283.140364 0.003571
4.380839 283.050805 0.003571
4.382225 282.961304 0.003572
4.383610 282.871859 0.003573
4.384996 282.782470 0.003575
4.386382 282.693138 0.003578
4.387767 282.603863 0.003581
4.389153 282.514644 0.003585
4.390539 282.425481 0.003589
4.391924 282.336374 0.003595
4.393310 282.247324 0.003601
4.394696 282.158330 0.003608
4.396081 282.069391 0.003615
4.397467 281.980509 0.003623
4.398853 281.891683 0.003632
4.400238 281.802913 0.003642
4.401624 281.714199 0.003653
4.403010 281.625540 0.003664
4.404395 281.536938 0.003676
4.405781 281.448391 0.003689
4.407167 281.359900 0.003703
4.408552 281.271464 0.003718
4.409938 281.183084 0.003733
4.411324 281.094760 0.003750
4.412709 281.006491 0.003767
4.414095 280.918277 0.003786
4.415481 280.830119 0.003805
4.416866 280.742016 0.003825
4.418252 280.653968 0.003847
4.419638 280.565976 0.003869
4.421024 280.478038 0.003893
4.422409 280.390156 0.003918
4.423795 280.302329 0.003943
4.425181 280.214557 0.003970
4.426566 280.126840 0.003999
4.427952 280.039178 0.004028
4.429338 279.951570 0.004059
4.430723 279.864018 0.004091
4.432109 279.776520 0.004124
4.433495 279.689076 0.004159
4.434880 279.601688 0.004196
4.436266 279.514354 0.004234
4.437652 279.427075 0.004273
4.439037 279.339850 0.004314
4.440423 279.252679 0.004357
4.441809 279.165563 0.004401
4.443194 279.078501 0.004447
4.444580 278.991494 0.004495
4.445966 278.904541 0.004546
4.447351 278.817642 0.004598
4.448737 278.730797 0.004652
4.450123 278.644006 0.004708
4.451508 278.557269 0.004766
4.452894 278.470586 0.004827
4.454280 278.383957 0.004890
4.455665 278.297382 0.004956
4.457051 278.210861 0.005025
4.458437 278.124394 0.005096
4.459822 278.037980 0.005170
4.461208 277.951620 0.005247
4.462594 277.865314 0.005327
4.463979 277.779061 0.005410
4.465365 277.692862 0.005497
4.466751 277.606716 0.005587
4.468136 277.520624 0.005681
4.469522 277.434585 0.005779
4.470908 277.348599 0.005881
4.472293 277.262667 0.005987
4.473679 277.176788 0.006097
4.475065 277.090962 0.006213
4.476450 277.005189 0.006333
4.477836 276.919469 0.006459
4.479222 276.833803 0.006590
4.480607 276.748189 0.006726
4.481993 276.662628 0.006869
4.483379 276.577120 0.007018
4.484764 276.491665 0.007174
4.486150 276.406263 0.007336
4.487536 276.320914 0.007507
4.488922 276.235617 0.007685
4.490307 276.150373 0.007872
4.491693 276.065181 0.008067
4.493079 275.980042 0.008272
4.494464 275.894956 0.008486
4.495850 275.809922 0.008712
4.497236 275.724940 0.008948
4.498621 275.640011 0.009196
4.500007 275.555134 0.009457
4.501393 275.470309 0.009732
4.502778 275.385537 0.010021
4.504164 275.300816 0.010325
4.505550 275.216148 0.010645
4.506935 275.131532 0.010983
4.508321 275.046968 0.011339
4.509707 274.962455 0.011716
4.511092 274.877995 0.012114
4.512478 274.793587 0.012535
4.513864 274.709230 0.012980
4.515249 274.624925 0.013452
4.516635 274.540672 0.013953
4.518021 274.456471 0.014484
4.519406 274.372321 0.015049
4.520792 274.288223 0.015649
4.522178 274.204176 0.016289
4.523563 274.120181 0.016970
4.524949 274.036237 0.017696
4.526335 273.952345 0.018472
4.527720 273.868504 0.019301
4.529106 273.784714 0.020189
4.530492 273.700976 0.021140
4.531877 273.617289 0.022160
4.533263 273.533653 0.023255
4.534649 273.450068 0.024433
4.536034 273.366534 0.025700
4.537420 273.283051 0.027065
4.538806 273.199619 0.028538
4.540191 273.116238 0.030129
4.541577 273.032908 0.031848
4.542963 272.949629 0.033709
4.544348 272.866400 0.035723
4.545734 272.783223 0.037907
4.547120 272.700096 0.040276
4.548505 272.617019 0.042846
4.549891 272.533994 0.045635
4.551277 272.451018 0.048663
4.552662 272.368094 0.051947
4.554048 272.285219 0.055506
4.555434 272.202396 0.059359
4.556819 272.119622 0.063519
4.558205 272.036899 0.068000
4.559591 271.954226 0.072805
4.560977 271.871604 0.077930
4.562362 271.789031 0.083361
4.563748 271.706509 0.089062
4.565134 271.624037 0.094982
4.566519 271.541615 0.101040
4.567905 271.459242 0.107128
4.569291 271.376920 0.113107
4.570676 271.294648 0.118807
4.572062 271.212426 0.124035
4.573448 271.130253 0.128584
4.574833 271.048130 0.132248
4.576219 270.966057 0.134847
4.577605 270.884034 0.136240
4.578990 270.802060 0.136351
4.580376 270.720136 0.135172
4.581762 270.638262 0.132769
4.583147 270.556437 0.129272
4.584533 270.474661 0.124857
4.585919 270.392935 0.119725
4.587304 270.311258 0.114085
4.588690 270.229631 0.108133
4.590076 270.148052 0.102045
4.591461 270.066523 0.095963
4.592847 269.985044 0.090003
4.594233 269.903613 0.084249
4.595618 269.822232 0.078759
4.597004 269.740899 0.073569
4.598390 269.659616 0.068697
4.599775 269.578381 0.064150
4.601161 269.497196 0.059925
4.602547 269.416059 0.056010
4.603932 269.334971 0.052390
4.605318 269.253932 0.049050
4.606704 269.172942 0.045969
4.608089 269.092001 0.043130
4.609475 269.011108 0.040513
4.610861 268.930264 0.038101
4.612246 268.849468 0.035876
4.613632 268.768721 0.033823
4.615018 268.688022 0.031927
4.616403 268.607372 0.030174
4.617789 268.526770 0.028552
4.619175 268.446217 0.027050
4.620560 268.365712 0.025657
4.621946 268.285255 0.024364
4.623332 268.204846 0.023161
4.624717 268.124486 0.022043
4.626103 268.044173 0.021000
4.627489 267.963909 0.020028
4.628875 267.883693 0.019120
4.630260 267.803525 0.018271
4.631646 267.723405 0.017477
4.633032 267.643333 0.016732
4.634417 267.563308 0.016034
4.635803 267.483332 0.015377
4.637189 267.403403 0.014761
4.638574 267.323522 0.014180
4.639960 267.243689 0.013633
4.641346 267.163903 0.013118
4.642731 267.084165 0.012631
4.644117 267.004475 0.012171
4.645503 266.924832 0.011736
4.646888 266.845237 0.011324
4.648274 266.765689 0.010934
4.649660 266.686188 0.010564
4.651045 266.606735 0.010213
4.652431 266.527329 0.009879
4.653817 266.447971 0.009562
4.655202 266.368660 0.009260
4.656588 266.289396 0.008973
4.657974 266.210179 0.008700
4.659359 266.131009 0.008439
4.660745 266.051886 0.008190
4.662131 265.972811 0.007952
4.663516 265.893782 0.007725
4.664902 265.814800 0.007508
4.666288 265.735865 0.007301
4.667673 265.656978 0.007102
4.669059 265.578136 0.006911
4.670445 265.499342 0.006729
4.671830 265.420594 0.006554
4.673216 265.341894 0.006386
4.674602 265.263239 0.006225
4.675987 265.184632 0.006070
4.677373 265.106071 0.005921
4.678759 265.027556 0.005778
4.680144 264.949088 0.005640
4.681530 264.870667 0.005508
4.682916 264.792291 0.005380
4.684301 264.713963 0.005257
4.685687 264.635680 0.005139
4.687073 264.557444 0.005025
4.688458 264.479254 0.004915
4.689844 264.401110 0.004808
4.691230 264.323013 0.004705
4.692615 264.244961 0.004606
4.694001 264.166956 0.004510
4.695387 264.088997 0.004418
4.696773 264.011083 0.004328
4.698158 263.933216 0.004241
4.699544 263.855395 0.004157
4.700930 263.777619 0.004076
4.702315 263.699889 0.003997
4.703701 263.622205 0.003921
4.705087 263.544567 0.003847
4.706472 263.466975 0.003776
4.707858 263.389428 0.003706
4.709244 263.311927 0.003639
4.710629 263.234471 0.003573
4.712015 263.157061 0.003510
4.713401 263.079697 0.003448
4.714786 263.002378 0.003388
4.716172 262.925104 0.003330
4.717558 262.847876 0.003273
4.718943 262.770693 0.003218
4.720329 262.693556 0.003165
4.721715 262.616464 0.003113
4.723100 262.539417 0.003062
4.724486 262.462415 0.003013
4.725872 262.385458 0.002965
4.727257 262.308547 0.002918
4.728643 262.231680 0.002873
4.730029 262.154859 0.002828
4.731414 262.078082 0.002785
4.732800 262.001351 0.002743
4.734186 261.924664 0.002702
4.735571 261.848023 0.002662
4.736957 261.771426 0.002623
4.738343 261.694874 0.002585
4.739728 261.618367 0.002547
4.741114 261.541904 0.002511
4.742500 261.465486 0.002476
4.743885 261.389113 0.002441
4.745271 261.312784 0.002407
4.746657 261.236500 0.002374
4.748042 261.160261 0.002342
4.749428 261.084066 0.002310
4.750814 261.007915 0.002280
4.752199 260.931809 0.002249
4.753585 260.855747 0.002220
4.754971 260.779730 0.002191
4.756356 260.703757 0.002163
4.757742 260.627828 0.002135
4.759128 260.551943 0.002108
4.760513 260.476102 0.002082
4.761899 260.400306 0.002056
4.763285 260.324554 0.002031
4.764671 260.248846 0.002006
4.766056 260.173181 0.001982
4.767442 260.097561 0.001958
4.768828 260.021985 0.001935
4.770213 259.946452 0.001912
4.771599 259.870964 0.001889
4.772985 259.795519 0.001867
4.774370 259.720118 0.001846
4.775756 259.644761 0.001825
4.777142 259.569448 0.001804
4.778527 259.494178 0.001784
4.779913 259.418952 0.001764
4.781299 259.343769 0.001744
4.782684 259.268631 0.001725
4.784070 259.193535 0.001706
4.785456 259.118483 0.001688
4.786841 259.043475 0.001670
4.788227 258.968510 0.001652
4.789613 258.893588 0.001635
4.790998 258.818710 0.001617
4.792384 258.743875 0.001601
4.793770 258.669083 0.001584
4.795155 258.594334 0.001568
4.796541 258.519629 0.001552
4.797927 258.444967 0.001536
4.799312 258.370348 0.001521
4.800698 258.295772 0.001506
4.802084 258.221239 0.001491
4.803469 258.146749 0.001476
4.804855 258.072302 0.001462
4.806241 257.997898 0.001448
4.807626 257.923536 0.001434
4.809012 257.849218 0.001420
4.810398 257.774943 0.001406
4.811783 257.700710 0.001393
4.813169 257.626520 0.001380
4.814555 257.552373 0.001367
4.815940 257.478268 0.001355
4.817326 257.404206 0.001342
4.818712 257.330187 0.001330
4.820097 257.256210 0.001318
4.821483 257.182275 0.001306
4.822869 257.108384 0.001294
4.824254 257.034534 0.001283
4.825640 256.960727 0.001272
4.827026 256.886963 0.001261
4.828411 256.813240 0.001250
4.829797 256.739560 0.001239
4.831183 256.665923 0.001228
4.832569 256.592327 0.001218
4.833954 256.518774 0.001207
4.835340 256.445263 0.001197
4.836726 256.371794 0.001187
4.838111 256.298367 0.001177
4.839497 256.224982 0.001167
4.840883 256.151639 0.001158
4.842268 256.078338 0.001148
4.843654 256.005079 0.001139
4.845040 255.931862 0.001130
4.846425 255.858687 0.001121
4.847811 255.785554 0.001112
4.849197 255.712462 0.001103
4.850582 255.639412 0.001094
4.851968 255.566404 0.001086
4.853354 255.493438 0.001077
4.854739 255.420513 0.001069
4.856125 255.347630 0.001060
4.857511 255.274789 0.001052
4.858896 255.201989 0.001044
4.860282 255.129230 0.001036
4.861668 255.056513 0.001029
4.863053 254.983838 0.001021
4.864439 254.911204 0.001013
4.865825 254.838611 0.001006
4.867210 254.766059 0.000998
4.868596 254.693549 0.000991
4.869982 254.621080 0.000984
4.871367 254.548653 0.000977
4.872753 254.476266 0.000969
4.874139 254.403921 0.000962
4.875524 254.331617 0.000956
4.876910 254.259354 0.000949
4.878296 254.187132 0.000942
4.879681 254.114951 0.000935
4.881067 254.042811 0.000929
4.882453 253.970712 0.000922
4.883838 253.898653 0.000916
4.885224 253.826636 0.000910
4.886610 253.754660 0.000903
4.887995 253.682724 0.000897
4.889381 253.610829 0.000891
4.890767 253.538975 0.000885
4.892152 253.467162 0.000879
4.893538 253.395389 0.000873
4.894924 253.323657 0.000867
4.896309 253.251965 0.000862
4.897695 253.180314 0.000856
4.899081 253.108704 0.000850
4.900467 253.037134 0.000845
4.901852 252.965604 0.000839
4.903238 252.894115 0.000834
4.904624 252.822667 0.000828
4.906009 252.751259 0.000823
4.907395 252.679891 0.000818
4.908781 252.608563 0.000813
4.910166 252.537276 0.000808
4.911552 252.466028 0.000802
4.912938 252.394821 0.000797
4.914323 252.323655 0.000792
4.915709 252.252528 0.000788
4.917095 252.181441 0.000783
4.918480 252.110395 0.000778
4.919866 252.039388 0.000773
4.921252 251.968422 0.000768
4.922637 251.897495 0.000764
4.924023 251.826608 0.000759
4.925409 251.755761 0.000754
4.926794 251.684955 0.000750
4.928180 251.614187 0.000745
4.929566 251.543460 0.000741
4.930951 251.472772 0.000737
4.932337 251.402125 0.000732
4.933723 251.331516 0.000728
4.935108 251.260948 0.000724
4.936494 251.190419 0.000720
4.937880 251.119930 0.000715
4.939265 251.049480 0.000711
4.940651 250.979070 0.000707
4.942037 250.908699 0.000703
4.943422 250.838367 0.000699
4.944808 250.768075 0.000695
4.946194 250.697823 0.000691
4.947579 250.627610 0.000687
4.948965 250.557436 0.000683
4.950351 250.487301 0.000680
4.951736 250.417206 0.000676
4.953122 250.347150 0.000672
4.954508 250.277133 0.000668
4.955893 250.207155 0.000665
4.957279 250.137217 0.000661
4.958665 250.067317 0.000657
4.960050 249.997456 0.000654
4.961436 249.927635 0.000650
4.962822 249.857852 0.000647
4.964207 249.788109 0.000643
4.965593 249.718404 0.000640
4.966979 249.648739 0.000637
4.968365 249.579112 0.000633
4.969750 249.509524 0.000630
4.971136 249.439974 0.000626
4.972522 249.370464 0.000623
4.973907 249.300992 0.000620
4.975293 249.231559 0.000617
4.976679 249.162165 0.000613
4.978064 249.092809 0.000610
4.979450 249.023492 0.000607
4.980836 248.954213 0.000604
4.982221 248.884973 0.000601
4.983607 248.815772 0.000598
4.984993 248.746609 0.000595
4.986378 248.677484 0.000592
4.987764 248.608398 0.000589
4.989150 248.539350 0.000586
4.990535 248.470340 0.000583
4.991921 248.401369 0.000580
4.993307 248.332436 0.000577
4.994692 248.263542 0.000574
4.996078 248.194685 0.000571
4.997464 248.125867 0.000569
4.998849 248.057087 0.000566
5.000235 247.988345 0.000563
5.001621 247.919641 0.000560
5.003006 247.850975 0.000558
5.004392 247.782347 0.000555
5.005778 247.713757 0.000552
5.007163 247.645206 0.000550
5.008549 247.576692 0.000547
5.009935 247.508216 0.000544
5.011320 247.439777 0.000542
5.012706 247.371377 0.000539
5.014092 247.303015 0.000537
5.015477 247.234690 0.000534
5.016863 247.166403 0.000532
5.018249 247.098154 0.000529
5.019634 247.029942 0.000527
5.021020 246.961768 0.000524
5.022406 246.893632 0.000522
5.023791 246.825533 0.000519
5.025177 246.757472 0.000517
5.026563 246.689448 0.000515
5.027948 246.621462 0.000512
5.029334 246.553513 0.000510
5.030720 246.485602 0.000508
5.032105 246.417728 0.000505
5.033491 246.349891 0.000503
5.034877 246.282092 0.000501
5.036263 246.214330 0.000498
