-5.000000 0.154761
-4.985000 0.154015
-4.970000 0.153370
-4.955000 0.152822
-4.940000 0.152370
-4.925000 0.152012
-4.910000 0.151747
-4.895000 0.151573
-4.880000 0.151490
-4.865000 0.151497
-4.850000 0.151594
-4.835000 0.151779
-4.820000 0.152054
-4.805000 0.152418
-4.790000 0.152872
-4.775000 0.153416
-4.760000 0.154052
-4.745000 0.154780
-4.730000 0.155602
-4.715000 0.156519
-4.700000 0.157533
-4.685000 0.158646
-4.670000 0.159861
-4.655000 0.161180
-4.640000 0.162607
-4.625000 0.164144
-4.610000 0.165795
-4.595000 0.167564
-4.580000 0.169457
-4.565000 0.171476
-4.550000 0.173629
-4.535000 0.175920
-4.520000 0.178355
-4.505000 0.180943
-4.490000 0.183691
-4.475000 0.186605
-4.460000 0.189697
-4.445000 0.192975
-4.430000 0.196450
-4.415000 0.200134
-4.400000 0.204040
-4.385000 0.208182
-4.370000 0.212575
-4.355000 0.217237
-4.340000 0.222185
-4.325000 0.227441
-4.310000 0.233026
-4.295000 0.238967
-4.280000 0.245290
-4.265000 0.252027
-4.250000 0.259211
-4.235000 0.266880
-4.220000 0.275077
-4.205000 0.283850
-4.190000 0.293250
-4.175000 0.303339
-4.160000 0.314183
-4.145000 0.325860
-4.130000 0.338455
-4.115000 0.352068
-4.100000 0.366812
-4.085000 0.382816
-4.070000 0.400231
-4.055000 0.419229
-4.040000 0.440012
-4.025000 0.462815
-4.010000 0.487916
-3.995000 0.515640
-3.980000 0.546378
-3.965000 0.580594
-3.950000 0.618848
-3.935000 0.661821
-3.920000 0.710345
-3.905000 0.765445
-3.890000 0.828401
-3.875000 0.900822
-3.860000 0.984753
-3.845000 1.082827
-3.830000 1.198479
-3.815000 1.336248
-3.800000 1.502230
-3.785000 1.704749
-3.770000 1.955377
-3.755000 2.270509
-3.740000 2.673860
-3.725000 3.200417
-3.710000 3.902772
-3.695000 4.860929
-3.680000 6.196074
-3.665000 8.083260
-3.650000 10.734015
-3.635000 14.244493
-3.620000 18.103556
-3.605000 20.598700
-3.590000 19.923697
-3.575000 16.697344
-3.560000 13.010481
-3.545000 10.033226
-3.530000 7.929615
-3.515000 6.526125
-3.500000 5.631796
-3.485000 5.111897
-3.470000 4.887755
-3.455000 4.925856
-3.440000 5.231601
-3.425000 5.850368
-3.410000 6.875576
-3.395000 8.459211
-3.380000 10.801096
-3.365000 14.028503
-3.350000 17.766380
-3.335000 20.481432
-3.320000 20.193958
-3.305000 17.084858
-3.290000 13.210015
-3.275000 9.934471
-3.260000 7.523438
-3.245000 5.816872
-3.230000 4.607203
-3.215000 3.735194
-3.200000 3.092875
-3.185000 2.609248
-3.170000 2.237535
-3.155000 1.946463
-3.140000 1.714723
-3.125000 1.527494
-3.110000 1.374262
-3.095000 1.247426
-3.080000 1.141392
-3.065000 1.051981
-3.050000 0.976019
-3.035000 0.911065
-3.020000 0.855218
-3.005000 0.806982
-2.990000 0.765166
-2.975000 0.728813
-2.960000 0.697150
-2.945000 0.669545
-2.930000 0.645479
-2.915000 0.624524
-2.900000 0.606323
-2.885000 0.590581
-2.870000 0.577051
-2.855000 0.565524
-2.840000 0.555828
-2.825000 0.547816
-2.810000 0.541369
-2.795000 0.536386
-2.780000 0.532785
-2.765000 0.530500
-2.750000 0.529479
-2.735000 0.529684
-2.720000 0.531087
-2.705000 0.533672
-2.690000 0.537435
-2.675000 0.542379
-2.660000 0.548520
-2.645000 0.555883
-2.630000 0.564503
-2.615000 0.574427
-2.600000 0.585713
-2.585000 0.598432
-2.570000 0.612668
-2.555000 0.628521
-2.540000 0.646107
-2.525000 0.665562
-2.510000 0.687044
-2.495000 0.710735
-2.480000 0.736847
-2.465000 0.765626
-2.450000 0.797357
-2.435000 0.832375
-2.420000 0.871067
-2.405000 0.913892
-2.390000 0.961387
-2.375000 1.014192
-2.360000 1.073067
-2.345000 1.138923
-2.330000 1.212860
-2.315000 1.296216
-2.300000 1.390630
-2.285000 1.498132
-2.270000 1.621255
-2.255000 1.763201
-2.240000 1.928061
-2.225000 2.121135
-2.210000 2.349384
-2.195000 2.622107
-2.180000 2.951930
-2.165000 3.356337
-2.150000 3.860026
-2.135000 4.498627
-2.120000 5.324591
-2.105000 6.416401
-2.090000 7.892052
-2.075000 9.924485
-2.060000 12.740554
-2.045000 16.528645
-2.030000 21.067072
-2.015000 25.055756
-2.000000 26.523924
-1.985000 25.408627
-1.970000 23.887848
-1.955000 23.802753
-1.940000 25.934956
-1.925000 30.504559
-1.910000 36.933521
-1.895000 42.624218
-1.880000 43.299908
-1.865000 37.875275
-1.850000 30.014273
-1.835000 23.026453
-1.820000 17.849480
-1.805000 14.269551
-1.790000 11.872810
-1.775000 10.333448
-1.760000 9.447575
-1.745000 9.113957
-1.730000 9.317466
-1.715000 10.123985
-1.700000 11.676298
-1.685000 14.143370
-1.670000 17.479328
-1.655000 20.810827
-1.640000 22.124792
-1.625000 20.174376
-1.610000 16.334902
-1.595000 12.554080
-1.580000 9.605202
-1.565000 7.477353
-1.550000 5.962242
-1.535000 4.870145
-1.520000 4.066181
-1.505000 3.460587
-1.490000 2.994265
-1.475000 2.627917
-1.460000 2.334937
-1.445000 2.096941
-1.430000 1.900957
-1.415000 1.737653
-1.400000 1.600182
-1.385000 1.483441
-1.370000 1.383563
-1.355000 1.297577
-1.340000 1.223170
-1.325000 1.158522
-1.310000 1.102184
-1.295000 1.052994
-1.280000 1.010014
-1.265000 0.972478
-1.250000 0.939761
-1.235000 0.911351
-1.220000 0.886827
-1.205000 0.865843
-1.190000 0.848118
-1.175000 0.833425
-1.160000 0.821581
-1.145000 0.812446
-1.130000 0.805918
-1.115000 0.801925
-1.100000 0.800431
-1.085000 0.801427
-1.070000 0.804937
-1.055000 0.811013
-1.040000 0.819743
-1.025000 0.831246
-1.010000 0.845682
-0.995000 0.863252
-0.980000 0.884205
-0.965000 0.908847
-0.950000 0.937550
-0.935000 0.970764
-0.920000 1.009032
-0.905000 1.053014
-0.890000 1.103508
-0.875000 1.161486
-0.860000 1.228140
-0.845000 1.304935
-0.830000 1.393690
-0.815000 1.496680
-0.800000 1.616770
-0.785000 1.757615
-0.770000 1.923923
-0.755000 2.121829
-0.740000 2.359444
-0.725000 2.647642
-0.710000 3.001236
-0.695000 3.440759
-0.680000 3.995205
-0.665000 4.706328
-0.650000 5.635481
-0.635000 6.874539
-0.620000 8.563089
-0.605000 10.913680
-0.590000 14.240519
-0.575000 18.955730
-0.560000 25.386808
-0.545000 33.043140
-0.530000 39.265881
-0.515000 39.920639
-0.500000 34.479458
-0.485000 26.842836
-0.470000 20.139898
-0.455000 15.160943
-0.440000 11.650781
-0.425000 9.189810
-0.410000 7.443690
-0.395000 6.183723
-0.380000 5.259722
-0.365000 4.573407
-0.350000 4.059834
-0.335000 3.675536
-0.320000 3.391130
-0.305000 3.186717
-0.290000 3.049017
-0.275000 2.969597
-0.260000 2.943811
-0.245000 2.970240
-0.230000 3.050527
-0.215000 3.189571
-0.200000 3.396116
-0.185000 3.683855
-0.170000 4.073270
-0.155000 4.594597
-0.140000 5.292588
-0.125000 6.234171
-0.110000 7.520724
-0.095000 9.307223
-0.080000 11.829370
-0.065000 15.429748
-0.050000 20.529343
-0.035000 27.347136
-0.020000 34.958736
-0.005000 40.056438
0.010000 38.892349
0.025000 32.410885
0.040000 24.782780
0.055000 18.475109
0.070000 13.873318
0.085000 10.627918
0.100000 8.331472
0.115000 6.678008
0.130000 5.461408
0.145000 4.546382
0.160000 3.843811
0.175000 3.294102
0.190000 2.856632
0.205000 2.503150
0.220000 2.213614
0.235000 1.973544
0.250000 1.772291
0.265000 1.601903
0.280000 1.456349
0.295000 1.330995
0.310000 1.222236
0.325000 1.127236
0.340000 1.043738
0.355000 0.969930
0.370000 0.904345
0.385000 0.845784
0.400000 0.793258
0.415000 0.745949
0.430000 0.703173
0.445000 0.664355
0.460000 0.629010
0.475000 0.596725
0.490000 0.567147
0.505000 0.539973
0.520000 0.514944
0.535000 0.491831
0.550000 0.470439
0.565000 0.450596
0.580000 0.432152
0.595000 0.414973
0.610000 0.398943
0.625000 0.383958
0.640000 0.369928
0.655000 0.356769
0.670000 0.344409
0.685000 0.332782
0.700000 0.321829
0.715000 0.311499
0.730000 0.301743
0.745000 0.292517
0.760000 0.283784
0.775000 0.275508
0.790000 0.267655
0.805000 0.260198
0.820000 0.253110
0.835000 0.246365
0.850000 0.239941
0.865000 0.233818
0.880000 0.227977
0.895000 0.222401
0.910000 0.217073
0.925000 0.211978
0.940000 0.207104
0.955000 0.202437
0.970000 0.197965
0.985000 0.193678
1.000000 0.189566
1.015000 0.185619
1.030000 0.181829
1.045000 0.178187
1.060000 0.174685
1.075000 0.171318
1.090000 0.168077
1.105000 0.164957
1.120000 0.161952
1.135000 0.159057
1.150000 0.156266
1.165000 0.153575
1.180000 0.150979
1.195000 0.148474
1.210000 0.146056
1.225000 0.143722
1.240000 0.141467
1.255000 0.139288
1.270000 0.137182
1.285000 0.135147
1.300000 0.133179
1.315000 0.131276
1.330000 0.129435
1.345000 0.127654
1.360000 0.125931
1.375000 0.124263
1.390000 0.122649
1.405000 0.121087
1.420000 0.119574
1.435000 0.118110
1.450000 0.116692
1.465000 0.115318
1.480000 0.113989
1.495000 0.112701
1.510000 0.111454
1.525000 0.110247
1.540000 0.109078
1.555000 0.107946
1.570000 0.106850
1.585000 0.105789
1.600000 0.104762
1.615000 0.103769
1.630000 0.102808
1.645000 0.101878
1.660000 0.100979
1.675000 0.100109
1.690000 0.099269
1.705000 0.098458
1.720000 0.097674
1.735000 0.096917
1.750000 0.096187
1.765000 0.095484
1.780000 0.094806
1.795000 0.094153
1.810000 0.093524
1.825000 0.092920
1.840000 0.092340
1.855000 0.091783
1.870000 0.091249
1.885000 0.090738
1.900000 0.090250
1.915000 0.089784
1.930000 0.089339
1.945000 0.088916
1.960000 0.088515
1.975000 0.088135
1.990000 0.087776
2.005000 0.087438
2.020000 0.087121
2.035000 0.086824
2.050000 0.086548
2.065000 0.086292
2.080000 0.086057
2.095000 0.085842
2.110000 0.085648
2.125000 0.085474
2.140000 0.085320
2.155000 0.085187
2.170000 0.085075
2.185000 0.084983
2.200000 0.084911
2.215000 0.084861
2.230000 0.084831
2.245000 0.084823
2.260000 0.084836
2.275000 0.084871
2.290000 0.084927
2.305000 0.085006
2.320000 0.085106
2.335000 0.085230
2.350000 0.085377
2.365000 0.085547
2.380000 0.085740
2.395000 0.085958
2.410000 0.086201
2.425000 0.086469
2.440000 0.086763
2.455000 0.087083
2.470000 0.087430
2.485000 0.087805
2.500000 0.088208
2.515000 0.088640
2.530000 0.089101
2.545000 0.089593
2.560000 0.090117
2.575000 0.090673
2.590000 0.091263
2.605000 0.091887
2.620000 0.092546
2.635000 0.093242
2.650000 0.093977
2.665000 0.094750
2.680000 0.095564
2.695000 0.096421
2.710000 0.097321
2.725000 0.098266
2.740000 0.099259
2.755000 0.100301
2.770000 0.101394
2.785000 0.102540
2.800000 0.103742
2.815000 0.105001
2.830000 0.106321
2.845000 0.107705
2.860000 0.109154
2.875000 0.110672
2.890000 0.112263
2.905000 0.113930
2.920000 0.115677
2.935000 0.117508
2.950000 0.119426
2.965000 0.121438
2.980000 0.123547
2.995000 0.125758
3.010000 0.128079
3.025000 0.130513
3.040000 0.133069
3.055000 0.135754
3.070000 0.138573
3.085000 0.141537
3.100000 0.144653
3.115000 0.147932
3.130000 0.151383
3.145000 0.155017
3.160000 0.158847
3.175000 0.162886
3.190000 0.167148
3.205000 0.171648
3.220000 0.176404
3.235000 0.181433
3.250000 0.186757
3.265000 0.192396
3.280000 0.198376
3.295000 0.204722
3.310000 0.211464
3.325000 0.218635
3.340000 0.226270
3.355000 0.234408
3.370000 0.243093
3.385000 0.252374
3.400000 0.262306
3.415000 0.272947
3.430000 0.284368
3.445000 0.296642
3.460000 0.309856
3.475000 0.324107
3.490000 0.339504
3.505000 0.356171
3.520000 0.374249
3.535000 0.393900
3.550000 0.415310
3.565000 0.438691
3.580000 0.464291
3.595000 0.492395
3.610000 0.523339
3.625000 0.557514
3.640000 0.595380
3.655000 0.637485
3.670000 0.684478
3.685000 0.737139
3.700000 0.796407
3.715000 0.863425
3.730000 0.939590
3.745000 1.026626
3.760000 1.126680
3.775000 1.242448
3.790000 1.377356
3.805000 1.535798
3.820000 1.723488
3.835000 1.947948
3.850000 2.219224
3.865000 2.550952
3.880000 2.961944
3.895000 3.478647
3.910000 4.138958
3.925000 4.998288
3.940000 6.139248
3.955000 7.686994
3.970000 9.832386
3.985000 12.861199
4.000000 17.166151
4.015000 23.135992
4.030000 30.608685
4.045000 37.586002
4.060000 39.947372
4.075000 35.773617
4.090000 28.276262
4.105000 21.158314
4.120000 15.714170
4.135000 11.837767
4.150000 9.110542
4.165000 7.169446
4.180000 5.760135
4.195000 4.714387
4.210000 3.921852
4.225000 3.309389
4.240000 2.827657
4.255000 2.442708
4.270000 2.130712
4.285000 1.874618
4.300000 1.662007
4.315000 1.483682
4.330000 1.332728
4.345000 1.203869
4.360000 1.093033
4.375000 0.997036
4.390000 0.913361
4.405000 0.840002
4.420000 0.775339
4.435000 0.718060
4.450000 0.667088
4.465000 0.621535
4.480000 0.580663
4.495000 0.543855
4.510000 0.510594
4.525000 0.480439
4.540000 0.453018
4.555000 0.428012
4.570000 0.405147
4.585000 0.384187
4.600000 0.364928
4.615000 0.347191
4.630000 0.330821
4.645000 0.315683
4.660000 0.301658
4.675000 0.288639
4.690000 0.276534
4.705000 0.265260
4.720000 0.254744
4.735000 0.244921
4.750000 0.235732
4.765000 0.227124
4.780000 0.219050
4.795000 0.211469
4.810000 0.204341
4.825000 0.197633
4.840000 0.191312
4.855000 0.185351
4.870000 0.179725
4.885000 0.174408
4.900000 0.169380
4.915000 0.164622
4.930000 0.160115
4.945000 0.155843
4.960000 0.151791
4.975000 0.147946
4.990000 0.144294
5.005000 0.140823
5.020000 0.137524
5.035000 0.134386
5.050000 0.131400
5.065000 0.128557
5.080000 0.125849
5.095000 0.123270
5.110000 0.120812
5.125000 0.118470
5.140000 0.116236
5.155000 0.114107
5.170000 0.112077
5.185000 0.110140
5.200000 0.108294
5.215000 0.106533
5.230000 0.104854
5.245000 0.103254
5.260000 0.101729
5.275000 0.100276
5.290000 0.098893
5.305000 0.097576
5.320000 0.096323
5.335000 0.095132
5.350000 0.094001
5.365000 0.092928
5.380000 0.091910
5.395000 0.090947
5.410000 0.090037
5.425000 0.089178
5.440000 0.088369
5.455000 0.087608
5.470000 0.086895
5.485000 0.086229
5.500000 0.085609
5.515000 0.085033
5.530000 0.084502
5.545000 0.084014
5.560000 0.083569
5.575000 0.083167
5.590000 0.082807
5.605000 0.082489
5.620000 0.082213
5.635000 0.081979
5.650000 0.081787
5.665000 0.081636
5.680000 0.081527
5.695000 0.081460
5.710000 0.081436
5.725000 0.081455
5.740000 0.081518
5.755000 0.081625
5.770000 0.081776
5.785000 0.081973
5.800000 0.082217
5.815000 0.082509
5.830000 0.082850
5.845000 0.083241
5.860000 0.083684
5.875000 0.084180
5.890000 0.084732
5.905000 0.085340
5.920000 0.086008
5.935000 0.086738
5.950000 0.087531
5.965000 0.088392
5.980000 0.089322
5.995000 0.090325
6.010000 0.091405
6.025000 0.092566
6.040000 0.093811
6.055000 0.095145
6.070000 0.096574
6.085000 0.098102
6.100000 0.099735
6.115000 0.101480
6.130000 0.103345
6.145000 0.105335
6.160000 0.107461
6.175000 0.109730
6.190000 0.112154
6.205000 0.114742
6.220000 0.117508
6.235000 0.120463
6.250000 0.123624
6.265000 0.127006
6.280000 0.130628
6.295000 0.134508
6.310000 0.138669
6.325000 0.143136
6.340000 0.147936
6.355000 0.153100
6.370000 0.158661
6.385000 0.164659
6.400000 0.171137
6.415000 0.178143
6.430000 0.185733
6.445000 0.193971
6.460000 0.202928
6.475000 0.212685
6.490000 0.223339
6.505000 0.234997
6.520000 0.247784
6.535000 0.261848
6.550000 0.277358
6.565000 0.294515
6.580000 0.313554
6.595000 0.334754
6.610000 0.358449
6.625000 0.385037
6.640000 0.415002
6.655000 0.448927
6.670000 0.487533
6.685000 0.531706
6.700000 0.582551
6.715000 0.641460
6.730000 0.710201
6.745000 0.791049
6.760000 0.886963
6.775000 1.001849
6.790000 1.140934
6.805000 1.311324
6.820000 1.522853
6.835000 1.789374
6.850000 2.130795
6.865000 2.576298
6.880000 3.169497
6.895000 3.976578
6.910000 5.098417
6.925000 6.685163
6.940000 8.938657
6.955000 12.039968
6.970000 15.829528
6.985000 19.138985
7.000000 19.880636
7.015000 17.443342
7.030000 13.637782
7.045000 10.175793
7.060000 7.567815
7.075000 5.718090
7.090000 4.415843
7.105000 3.486750
7.120000 2.810229
7.135000 2.306760
7.150000 1.924145
7.165000 1.627715
7.180000 1.394023
7.195000 1.206892
7.210000 1.054938
7.225000 0.929996
7.240000 0.826105
7.255000 0.738839
7.270000 0.664867
7.285000 0.601643
7.300000 0.547195
7.315000 0.499983
7.330000 0.458786
7.345000 0.422629
7.360000 0.390726
7.375000 0.362436
7.390000 0.337236
7.405000 0.314693
7.420000 0.294446
7.435000 0.276194
7.450000 0.259684
7.465000 0.244701
7.480000 0.231062
7.495000 0.218611
7.510000 0.207213
7.525000 0.196754
7.540000 0.187131
7.555000 0.178259
7.570000 0.170061
7.585000 0.162470
7.600000 0.155427
7.615000 0.148880
7.630000 0.142784
7.645000 0.137099
7.660000 0.131787
7.675000 0.126816
7.690000 0.122158
7.705000 0.117787
7.720000 0.113680
7.735000 0.109815
7.750000 0.106173
7.765000 0.102739
7.780000 0.099495
7.795000 0.096428
7.810000 0.093526
7.825000 0.090776
7.840000 0.088168
7.855000 0.085692
7.870000 0.083340
7.885000 0.081103
7.900000 0.078973
7.915000 0.076945
7.930000 0.075010
7.945000 0.073165
7.960000 0.071402
7.975000 0.069718
7.990000 0.068107
8.005000 0.066565
8.020000 0.065089
8.035000 0.063674
8.050000 0.062317
8.065000 0.061016
8.080000 0.059766
8.095000 0.058565
8.110000 0.057411
8.125000 0.056302
8.140000 0.055234
8.155000 0.054206
8.170000 0.053215
8.185000 0.052261
8.200000 0.051341
8.215000 0.050453
8.230000 0.049597
8.245000 0.048770
8.260000 0.047971
8.275000 0.047199
8.290000 0.046452
8.305000 0.045731
8.320000 0.045032
8.335000 0.044356
8.350000 0.043702
8.365000 0.043068
8.380000 0.042454
8.395000 0.041858
8.410000 0.041281
8.425000 0.040721
8.440000 0.040177
8.455000 0.039650
8.470000 0.039138
8.485000 0.038641
8.500000 0.038158
8.515000 0.037688
8.530000 0.037232
8.545000 0.036788
8.560000 0.036357
8.575000 0.035937
8.590000 0.035528
8.605000 0.035131
8.620000 0.034744
8.635000 0.034367
8.650000 0.034000
8.665000 0.033642
8.680000 0.033293
8.695000 0.032954
8.710000 0.032623
8.725000 0.032300
8.740000 0.031985
8.755000 0.031677
8.770000 0.031378
8.785000 0.031085
8.800000 0.030799
8.815000 0.030521
8.830000 0.030248
8.845000 0.029983
8.860000 0.029723
8.875000 0.029469
8.890000 0.029222
8.905000 0.028979
8.920000 0.028743
8.935000 0.028511
8.950000 0.028285
8.965000 0.028064
8.980000 0.027848
8.995000 0.027636
9.010000 0.027429
9.025000 0.027227
9.040000 0.027029
9.055000 0.026835
9.070000 0.026645
9.085000 0.026459
9.100000 0.026277
9.115000 0.026100
9.130000 0.025925
9.145000 0.025755
9.160000 0.025588
9.175000 0.025424
9.190000 0.025264
9.205000 0.025107
9.220000 0.024953
9.235000 0.024802
9.250000 0.024655
9.265000 0.024510
9.280000 0.024368
9.295000 0.024229
9.310000 0.024093
9.325000 0.023960
9.340000 0.023829
9.355000 0.023701
9.370000 0.023575
9.385000 0.023452
9.400000 0.023331
9.415000 0.023212
9.430000 0.023096
9.445000 0.022983
9.460000 0.022871
9.475000 0.022761
9.490000 0.022654
9.505000 0.022549
9.520000 0.022446
9.535000 0.022345
9.550000 0.022245
9.565000 0.022148
9.580000 0.022053
9.595000 0.021959
9.610000 0.021867
9.625000 0.021777
9.640000 0.021689
9.655000 0.021603
9.670000 0.021518
9.685000 0.021435
9.700000 0.021353
9.715000 0.021273
9.730000 0.021195
9.745000 0.021118
9.760000 0.021043
9.775000 0.020969
9.790000 0.020897
9.805000 0.020826
9.820000 0.020756
9.835000 0.020688
9.850000 0.020621
9.865000 0.020556
9.880000 0.020492
9.895000 0.020429
9.910000 0.020368
9.925000 0.020308
9.940000 0.020249
9.955000 0.020191
9.970000 0.020135
9.985000 0.020079
