Co     0 
S   3   1.00
   1557.2987040              0.1543289673     
    283.6639029              0.5353281423     
     76.77052234             0.4446345422     
SP   3   1.00
    121.8344741             -0.0999672292           0.1559162750     
     28.31171164             0.3995128261           0.6076837186     
      9.207847321            0.7001154689           0.3919573931     
SP   3   1.00
      9.480851678           -0.2277635023           0.0049515112     
      2.891961952            0.2175436044           0.5777664691     
      1.115808827            0.9166769611           0.4846460366     
SP   3   1.00
      0.5921156814          -0.3088441215          -0.1215468600     
      0.2185279254           0.0196064117           0.5715227604     
      0.0965042359           1.1310344420           0.5498949471     
D   3   1.00
      7.664527389            0.2197679508     
      2.337925151            0.6555473627     
      0.902044205            0.2865732590    
