Cu     0 
S   3   1.00
   1801.8067300              0.1543289673     
    328.2013450              0.5353281423     
     88.82409228             0.4446345422     
SP   3   1.00
    144.1212184             -0.0999672292           0.1559162750     
     33.49067173             0.3995128261           0.6076837186     
     10.89220588             0.7001154689           0.3919573931     
SP   3   1.00
     11.30775402            -0.2277635023           0.0049515112     
      3.449225397            0.2175436044           0.5777664691     
      1.330818388            0.9166769611           0.4846460366     
SP   3   1.00
      0.6309328384          -0.3088441215          -0.1215468600     
      0.2328538976           0.0196064117           0.5715227604     
      0.1028307363           1.1310344420           0.5498949471     
D   3   1.00
      9.647911930            0.2197679508     
      2.942920654            0.6555473627     
      1.135470278            0.2865732590   
