Fe     0 
S   3   1.00
   1447.4004110              0.1543289673     
    263.6457916              0.5353281423     
     71.35284019             0.4446345422     
SP   3   1.00
    111.9194891             -0.0999672292           0.1559162750     
     26.00768236             0.3995128261           0.6076837186     
      8.458505490            0.7001154689           0.3919573931     
SP   3   1.00
      8.548569754           -0.2277635023           0.0049515112     
      2.607586250            0.2175436044           0.5777664691     
      1.006087840            0.9166769611           0.4846460366     
SP   3   1.00
      0.5921156814          -0.3088441215          -0.1215468600     
      0.2185279254           0.0196064117           0.5715227604     
      0.0965042359           1.1310344420           0.5498949471     
D   3   1.00
      6.411803475            0.2197679508     
      1.955804428            0.6555473627     
      0.754610151            0.2865732590    
