Zn     0 
S   3   1.00
   1929.4323010              0.1543289673     
    351.4485021              0.5353281423     
     95.11568021             0.4446345422     
SP   3   1.00
    155.8416755             -0.0999672292           0.1559162750     
     36.21425391             0.3995128261           0.6076837186     
     11.77799934             0.7001154689           0.3919573931     
SP   3   1.00
     12.28152744            -0.2277635023           0.0049515112     
      3.746257327            0.2175436044           0.5777664691     
      1.445422541            0.9166769611           0.4846460366     
SP   3   1.00
      0.8897138854          -0.3088441215          -0.1215468600     
      0.3283603790           0.0196064117           0.5715227604     
      0.1450074055           1.1310344420           0.5498949471     
D   3   1.00
     10.94737077             0.2197679508     
      3.339297018            0.6555473627     
      1.288404602            0.2865732590 
